0, 0 63 0;
1, 0 62 0;
2, 1 62 0;
3, 1 61 0;
4, 2 61 0;
5, 2 60 0;
6, 3 60 0;
7, 3 59 0;
8, 4 59 0;
9, 4 58 0;
10, 5 58 0;
11, 5 57 0;
12, 6 57 0;
13, 6 56 0;
14, 7 56 0;
15, 7 55 0;
16, 8 55 0;
17, 8 54 0;
18, 9 54 0;
19, 9 53 0;
20, 10 53 0;
21, 10 52 0;
22, 11 52 0;
23, 11 51 0;
24, 12 51 0;
25, 12 50 0;
26, 13 50 0;
27, 13 49 0;
28, 14 49 0;
29, 14 48 0;
30, 15 48 0;
31, 15 47 0;
32, 16 47 0;
33, 16 46 0;
34, 17 46 0;
35, 17 45 0;
36, 18 45 0;
37, 18 44 0;
38, 19 44 0;
39, 19 43 0;
40, 20 43 0;
41, 20 42 0;
42, 21 42 0;
43, 21 41 0;
44, 22 41 0;
45, 22 40 0;
46, 23 40 0;
47, 23 39 0;
48, 24 39 0;
49, 24 38 0;
50, 25 38 0;
51, 25 37 0;
52, 26 37 0;
53, 26 36 0;
54, 27 36 0;
55, 27 35 0;
56, 28 35 0;
57, 28 34 0;
58, 29 34 0;
59, 29 33 0;
60, 30 33 0;
61, 30 32 0;
62, 31 32 0;
63, 31 31 0;
64, 31 31 0;
65, 32 31 0;
66, 32 30 0;
67, 33 30 0;
68, 33 29 0;
69, 34 29 0;
70, 34 28 0;
71, 35 28 0;
72, 35 27 0;
73, 36 27 0;
74, 36 26 0;
75, 37 26 0;
76, 37 25 0;
77, 38 25 0;
78, 38 24 0;
79, 39 24 0;
80, 39 23 0;
81, 40 23 0;
82, 40 22 0;
83, 41 22 0;
84, 41 21 0;
85, 42 21 0;
86, 42 20 0;
87, 43 20 0;
88, 43 19 0;
89, 44 19 0;
90, 44 18 0;
91, 45 18 0;
92, 45 17 0;
93, 46 17 0;
94, 46 16 0;
95, 47 16 0;
96, 47 15 0;
97, 48 15 0;
98, 48 14 0;
99, 49 14 0;
100, 49 13 0;
101, 50 13 0;
102, 50 12 0;
103, 51 12 0;
104, 51 11 0;
105, 52 11 0;
106, 52 10 0;
107, 53 10 0;
108, 53 9 0;
109, 54 9 0;
110, 54 8 0;
111, 55 8 0;
112, 55 7 0;
113, 56 7 0;
114, 56 6 0;
115, 57 6 0;
116, 57 5 0;
117, 58 5 0;
118, 58 4 0;
119, 59 4 0;
120, 59 3 0;
121, 60 3 0;
122, 60 2 0;
123, 61 2 0;
124, 61 1 0;
125, 62 1 0;
126, 62 0 0;
127, 63 0 0;
