0, 0 0 0;
1, 62 0 0;
2, 61 0 0;
3, 61 1 0;
4, 60 1 0;
5, 60 2 0;
6, 59 2 0;
7, 59 3 0;
8, 58 3 0;
9, 58 4 0;
10, 57 4 0;
11, 57 5 0;
12, 56 5 0;
13, 56 6 0;
14, 55 6 0;
15, 55 7 0;
16, 54 7 0;
17, 54 8 0;
18, 53 8 0;
19, 53 9 0;
20, 52 9 0;
21, 52 10 0;
22, 51 10 0;
23, 51 11 0;
24, 50 11 0;
25, 50 12 0;
26, 49 12 0;
27, 49 13 0;
28, 48 13 0;
29, 48 14 0;
30, 47 14 0;
31, 47 15 0;
32, 46 15 0;
33, 46 16 0;
34, 45 16 0;
35, 45 17 0;
36, 44 17 0;
37, 44 18 0;
38, 43 18 0;
39, 43 19 0;
40, 42 19 0;
41, 42 20 0;
42, 41 20 0;
43, 41 21 0;
44, 40 21 0;
45, 40 22 0;
46, 39 22 0;
47, 39 23 0;
48, 38 23 0;
49, 38 24 0;
50, 37 24 0;
51, 37 25 0;
52, 36 25 0;
53, 36 26 0;
54, 35 26 0;
55, 35 27 0;
56, 34 27 0;
57, 34 28 0;
58, 33 28 0;
59, 33 29 0;
60, 32 29 0;
61, 32 30 0;
62, 31 30 0;
63, 31 31 0;
64, 31 31 0;
65, 30 31 0;
66, 30 32 0;
67, 29 32 0;
68, 29 33 0;
69, 28 33 0;
70, 28 34 0;
71, 27 34 0;
72, 27 35 0;
73, 26 35 0;
74, 26 36 0;
75, 25 36 0;
76, 25 37 0;
77, 24 37 0;
78, 24 38 0;
79, 23 38 0;
80, 23 39 0;
81, 22 39 0;
82, 22 40 0;
83, 21 40 0;
84, 21 41 0;
85, 20 41 0;
86, 20 42 0;
87, 19 42 0;
88, 19 43 0;
89, 18 43 0;
90, 18 44 0;
91, 17 44 0;
92, 17 45 0;
93, 16 45 0;
94, 16 46 0;
95, 15 46 0;
96, 15 47 0;
97, 14 47 0;
98, 14 48 0;
99, 13 48 0;
100, 13 49 0;
101, 12 49 0;
102, 12 50 0;
103, 11 50 0;
104, 11 51 0;
105, 10 51 0;
106, 10 52 0;
107, 9 52 0;
108, 9 53 0;
109, 8 53 0;
110, 8 54 0;
111, 7 54 0;
112, 7 55 0;
113, 6 55 0;
114, 6 56 0;
115, 5 56 0;
116, 5 57 0;
117, 4 57 0;
118, 4 58 0;
119, 3 58 0;
120, 3 59 0;
121, 2 59 0;
122, 2 60 0;
123, 1 60 0;
124, 1 61 0;
125, 0 61 0;
126, 0 62 0;
127, 0 63 0;
